252846
196664
057992
028820
377422
099543
467318
178971
477679
564611
574402
160858
073830
098107
052168
568765
561027
391825
276066
225358
158445
234255
363319
531189
130706
123008
353543
050794
032677
052183
552406
054294
278922
094926
175500
322392
028607
227598
457230
132887
356836
462062
060482
175925
047983
151893
234719
462710
460661
371245
083725
125690
118277
232432
168948
012996
089208
276516
095621
121384
471988
185432
269344
334916
556476
120703
195806
343552
079104
377807
447235
558467
208779
038616
216221
231846
304157
256605
316553
242664
414679
352305
256177
173401
017839
001083
040961
347697
384804
521749
256956
219099
184116
370749
504293
141538
520325
143449
083651
322027
369230
129860
427310
326527
144468
362365
103737
386785
494870
098503
120850
500977
125928
226527
255244
345725
486247
542205
117965
450173
482753
301615
158914
348573
416668
432906
453452
319714
133151
413704
077061
065465
100014
412195
576413
044642
269026
390483
366473
055767
523374
235759
235981
182995
521205
322557
144695
495039
426595
139130
026762
066346
445768
205103
483897
073039
524382
431943
387666
536786
219264
113929
487401
113097
518335
379584
382044
511463
488726
520866
036559
209063
466827
041908
058281
064578
337826
135045
209062
359133
177262
320396
384420
436793
207715
057830
450370
099393
310269
440177
434190
260942
412631
571355
509588
087146
512816
307932
001323
462329
361309
337167
417946
061399
016111
186502
094674
190360
137861
121965
470711
132528
117958
013294
297138
449379
101684
415360
185590
275817
349122
064008
024404
454314
526796
449345
307265
505629
549423
521953
556503
422296
108850
222026
106896
362370
058726
230422
153667
285299
457190
179930
575325
095032
132299
425260
284805
327176
235200
061825
520456
068752
560853
445351
075065
202241
161762
457033
087595
384742
067307
021346
310645
336682
106935
161776
477491
465095
126415
409173
229946
303177
490222
029732
419406
023579
471962
039535
521199
090994
239214
259286
149993
565042
182348
151110
044509
522309
518081
270166
372003
296385
017179
261043
323502
089221
309499
516084
186112
149763
557543
166569
290521
133554
340270
457225
538190
420085
536195
546472
291603
169100
517629
122303
239943
388352
376715
098674
229563
577650
463157
091650
158322
418297
224735
169855
262006
537248
494285
427729
099230
551873
372229
009145
145429
172285
480582
144723
200867
176791
052155
060859
501936
403853
414487
103318
154254
237777
576564
471579
117379
011052
287922
047566
563155
185141
167891
542602
118089
218031
446470
224910
078741
046877
225398
380724
282899
249256
082835
401061
262979
213158
200642
059943
219313
247086
048319
192171
168963
277623
151648
535663
183040
096459
089579
557780
386194
452834
087232
213399
253030
580741
060456
402742
181870
201010
175729
354993
034761
522492
208020
391403
541109
003867
546896
069328
508247
292888
567858
493067
429289
289264
192824
091487
552149
232394
393228
338732
190160
180373
421986
237401
226524
538233
258788
093327
079926
210082
017741
418685
179932
511138
029122
133608
279961
393412
565861
219059
445569
189394
331919
097800
086925
502178
096288
320182
281758
462840
268688
135251
384146
300246
471828
305458
444893
481098
028957
116675
350854
442979
472662
239148
252919
574549
380693
421206
543497
026946
230150
112349
523405
022275
305100
265186
564969
312454
037122
396754
193680
448267
344174
296032
394157
180831
335940
557346
011696
395248
420864
076619
313993
138204
273083
351550
527689
176157
425061
230151
423410
155003
374061
297488
357860
015355
139873
206385
508695
533603
296782
324642
494480
118895
243829
338531
565479
421978
000599
463593
561390
137321
171374
185593
407767
100599
346560
181939
251008
552028
519203
251752
434385
469096
406451
397675
267586
557187
282287
331059
360570
234653
477243
185550
018473
142769
064962
523174
441083
574992
468411
498090
098529
526756
110013
088048
109542
063610
304633
022894
242100
216551
310134
241347
291370
504454
402757
255440
351154
035318
109393
160325
307474
540564
388812
320020
086139
463430
044250
182411
144250
529277
056126
019157
002211
448851
137057
280043
214150
311982
219312
179338
306554
120259
078026
123036
494251
387704
444272
487239
503893
400430
229574
567454
552389
468773
540799
566038
091135
433763
303389
112228
109146
542818
533039
173832
277352
530256
185168
460307
415798
200870
061588
265742
376712
211945
057764
003321
274105
148644
577643
406938
296816
233500
580585
569333
572075
426342
327575
150989
468993
378071
274139
220568
412781
088448
515777
168543
163370
396625
452428
413312
420914
314140
354202
497760
310440
513312
490741
196879
209139
463805
124013
018098
351420
049758
457791
360372
158899
260400
531414
460129
072902
332420
014477
306975
080564
089540
299933
038837
522454
001085
386152
028417
240713
493704
576944
452158
443733
202252
162250
001907
160447
288157
088845
195800
242138
052393
003862
252459
129735
546105
537924
164972
388976
081054
279025
422508
228518
142779
552945
291599
185232
562110
520445
186075
014271
168806
061836
199141
548921
233104
502828
125735
515401
222948
037457
325955
405174
500018
430681
385513
168609
047198
229821
023378
290678
509766
172123
442565
084448
546298
001442
108472
005142
366461
087633
314949
502380
440819
558924
327401
118885
350851
115379
154443
092202
500583
016664
287890
497600
027334
279582
575691
159198
529850
399476
211158
015392
194698
444464
166340
073981
267794
486043
396779
118846
301362
308420
238291
345520
445009
424385
285076
120466
417983
526592
277592
529879
281562
442982
273904
486718
260978
300732
144862
312450
165847
227372
044123
512838
427129
401850
542969
170292
196065
569520
524420
021963
239158
527897
218196
135094
293833
528232
565332
348945
461632
348951
193121
213799
158250
321059
118674
482740
291201
450160
406332
581249
489167
422284
199829
248206
408479
573961
405175
100588
349642
294423
391229
548061
547352
397894
330395
242717
023351
358983
292720
510593
004705
340841
536540
335212
361643
416684
476170
225015
528018
009553
212691
274514
008665
364075
103042
083656
026598
107542
574983
268897
561424
539129
234124
361119
245642
024204
334911
373482
174427
480745
502752
295107
205272
330593
213438
369380
565939
396432
508531
481467
506508
102599
007393
382453
178553
289512
255479
209474
529266
049017
196307
167498
435897
522441
428178
572276
466217
090010
451493
329001
023594
113325
516914
507819
093257
317851
181135
433202
514871
482350
442174
494240
124760
510154
395311
481665
412019
120248
408041
023033
340276
574388
568979
133234
152812
488655
191681
300120
439288
222395
494297
328121
488866
060687
050750
182602
502593
228121
211978
189757
110348
043704
573430
180997
218960
264473
498493
285699
035690
565522
348199
191126
076971
386390
343972
579679
478215
164391
100603
202912
262758
094704
123970
150746
430537
054534
571219
061564
513311
189966
559218
123757
280736
310331
553721
438802
402234
575902
246639
353220
422696
108707
369341
228309
144519
489944
568562
029911
521610
283940
334046
037291
141475
415589
518907
079868
093269
523749
371532
337201
212903
349907
182402
377157
491845
413107
354003
227947
514668
320796
573195
483266
349046
241340
528807
490232
517349
456315
313360
499202
026363
532693
385302
504321
357244
111322
103726
181057
115144
157405
148525
381789
474759
155212
003040
410585
108129
429462
237413
096517
129695
330368
066828
305338
219063
574942
417573
092942
432917
440359
515364
396550
269590
333846
024414
440371
203775
358765
036004
251033
293366
499376
069500
553682
477046
385921
438751
322220
465324
523403
320351
421566
187156
430319
406873
043128
479057
289855
257683
325567
500594
102174
174009
367967
189812
357668
213758
304556
282733
007781
571392
325598
369976
345244
287105
308436
074035
020464
206369
031569
444467
452205
250649
436797
134362
239198
446517
126766
245523
389129
305661
395514
450407
525932
508678
496252
485560
470099
152965
286554
369793
401112
503077
306354
545022
334480
497616
517764
420862
019227
037864
288586
288592
470714
104510
008458
434156
285908
351595
316806
230625
034389
090359
457383
277208
412807
528231
045564
543490
320350
062865
091735
302318
492544
255532
319738
398540
546067
045941
515403
200241
204755
216351
304741
560088
402619
027646
149835
008896
029680
369208
080406
090173
056068
463224
232230
555782
295931
370765
222037
381944
270836
132303
062246
218220
398434
201765
351620
024207
542407
399058
202522
226494
283982
581302
477494
028367
496118
530913
164186
238655
237566
434234
163831
056646
536437
188648
407198
011519
415588
046327
270639
470462
042169
193254
043511
231659
210697
107353
113326
295460
399528
492154
038438
226866
490031
136373
160653
416240
254228
459557
102968
495607
071004
315248
267812
000825
207880
131434
169893
310442
133237
323936
352117
282134
363321
559594
237764
436621
265744
274885
309852
030925
076970
380086
341802
556843
531614
370413
059987
065943
016775
473468
539575
469424
367120
430551
231414
344921
154220
016761
490081
510695
250798
531883
366558
239706
425612
568060
142318
019308
463653
093025
443583
329515
213851
567421
189069
388330
318723
444207
381314
276950
230905
561911
311075
326801
299573
117494
503616
575958
445131
015297
503170
309160
562015
328421
379108
175946
304875
054744
203868
308083
286862
277125
462773
580084
090712
518785
563337
382386
017655
409850
360317
195124
462997
507882
251135
348316
241440
227909
291305
544005
062547
299017
495476
183949
322695
282437
380552
128300
562940
242607
408233
555915
439171
152255
076491
133867
039386
292977
051748
368603
164095
526737
406395
274570
574059
372673
433460
143416
095044
035594
392793
513983
119081
026503
209558
270925
512337
166127
479582
560789
068650
068136
576855
022759
535978
414008
413001
326593
044621
411399
483823
296913
152731
012315
532540
054340
426247
328743
000711
145259
352789
209941
484180
007730
233439
468100
456950
089109
287188
193623
101341
234424
379530
337139
141003
206496
269051
087871
482526
245550
209028
481749
132760
556011
328780
089848
280156
063261
256276
434870
134339
325298
306327
470798
173073
113787
455257
109907
179238
553154
212421
354312
391728
060769
242202
135032
344897
391700
321969
160741
193622
212384
541593
443390
362677
328018
467232
140308
181554
132946
057660
068490
148032
565431
560561
378613
426520
224178
474272
256061
562835
383884
093391
200541
048595
252213
352549
303706
129631
022002
512322
183155
158989
373578
027191
056768
509931
428055
360510
234633
423114
551596
149890
548951
164094
502680
029180
530154
518814
529411
448951
460005
520435
221202
465784
417474
280235
532810
289211
386888
021443
027032
062220
400134
020013
488368
103806
568288
047936
197915
108953
160437
303666
480720
046382
439992
349784
468263
111543
260464
312958
016238
388872
452841
266029
227713
040042
522430
534252
116204
489248
497076
317439
064309
420964
005085
246104
175210
031334
259030
133251
344075
171062
245419
235840
161517
406021
154584
245431
376945
189083
401969
168282
517879
113630
060812
105734
148634
418586
562558
100658
195333
456825
389946
329528
469343
156436
333216
468049
427986
191169
363353
092462
406786
524255
526456
159075
376984
364358
199251
102059
236422
085644
174871
057702
273618
147277
518584
529981
047263
083547
499930
296858
157931
132165
066520
308527
070356
387000
510899
009695
262098
203472
459255
075548
112289
352601
097283
127540
235842
148839
038474
568249
462770
176280
243283
066087
465779
016574
263147
089254
231601
113418
317822
047713
374361
003623
578072
326433
481428
365293
404350
486421
347740
479387
310618
485882
348315
455123
346310
140915
418989
101785
377867
121333
067414
259556
511198
376358
430142
337304
567768
131915
429361
076492
518816
567754
013550
159459
324436
236998
258099
051777
433305
198563
568315
353133
456204
320877
545278
297617
277085
496752
070746
516146
040685
279916
243446
301107
140691
481212
219760
407063
389401
231952
122996
038064
000074
157886
086205
230669
378163
194167
384496
408185
155707
062154
294108
510047
355740
057689
483149
160743
206318
550477
144193
299438
014940
411417
503761
075372
390346
093191
173071
334396
103582
447645
383448
513200
259146
067004
548562
016825
217228
285992
448211
032986
030149
538090
094199
116824
155921
066441
494346
502324
289158
196995
366406
107054
371608
468670
420608
085731
322536
116617
368371
401836
396905
355796
567219
221003
476300
185719
148019
101828
389400
033124
539832
398519
068120
243309
412453
153834
166657
203063
546016
129632
062357
274599
409701
029626
079011
008603
438537
110058
388905
314292
380395
045071
467027
420344
430157
000263
142722
343490
579543
389399
526721
467769
369279
520422
342942
230318
562611
495312
292140
302547
022149
047909
125626
396326
553547
342639
320902
179603
367491
542304
291475
501229
558348
534286
471916
205214
271595
009469
106028
478067
339512
560628
133939
461522
543797
098416
563447
042124
117119
512296
437994
439007
003178
328437
180271
030997
068242
037746
549709
465591
438682
334585
443224
240210
304320
013182
406750
060622
132170
397212
211063
139757
247543
404635
165969
174864
519843
087720
326156
566729
464894
380949
486805
275268
024935
181351
321163
019322
414397
008549
330708
023914
483955
296865
522143
016005
539563
372249
129587
232127
304481
279324
057075
568700
198176
197245
477634
117445
291854
561724
577146
316907
562205
373153
078900
474315
227270
239728
042336
202966
402297
164497
296134
286327
538686
359751
130993
265916
220292
442894
175565
069616
267697
339927
510644
492647
506740
389996
001025
416976
081143
104149
222122
262260
157505
559907
319188
142646
530999
328433
094566
152327
039592
318282
325856
453231
319611
204640
290753
216244
491170
006945
282419
042849
504341
172020
510334
095877
443778
578088
024266
578671
543181
077979
266600
304091
115642
564264
384875
206876
092711
103008
104001
002302
479553
253693
500084
112677
094412
065400
249620
047879
481565
493161
015681
516619
325936
115681
289410
214241
517249
153824
414032
181962
315163
076454
270089
499302
062347
146583
433116
349393
527163
578467
542937
111140
435573
568112
522755
069979
570775
039196
039828
040455
427639
338224
090310
346936
010276
362658
276639
466671
182933
020438
163267
443432
137150
253308
307995
497139
318645
150691
495048
064520
499672
122213
525953
579787
199484
066444
176131
187876
395560
453152
337857
488030
078652
081591
213739
378832
023656
200023
011169
198981
238231
539406
268412
468891
213936
412873
332734
537417
105134
316696
010539
236234
149458
023695
402123
008821
355234
452072
397161
158964
400046
181963
481558
243456
497312
252573
217991
301895
112845
230484
246512
324383
016362
184172
223413
166849
110707
374239
343481
487854
365320
411188
457693
366615
384848
460995
322057
008612
373218
437173
130399
108606
131087
158031
345635
070636
318240
147930
169401
556406
132405
145855
467817
410447
555669
395170
477392
025145
173471
415265
382356
359234
110673
576701
510484
223573
565769
266991
226345
122825
498196
141366
431304
477351
120940
328368
392186
262275
009478
521671
047071
445491
095651
333748
105256
171058
362936
489266
374832
318724
311066
245351
281475
400456
313665
064455
203462
175202
185683
319360
025421
075216
365903
538687
011948
319412
292435
334580
558826
039791
560361
253282
186413
572017
140252
325472
366577
014159
013636
336340
334557
569379
097250
099269
294087
241876
378985
451196
433075
508949
266207
108200
185656
141172
001224
058437
054225
562574
573479
167189
089044
485489
530226
566060
464105
040244
148181
015286
495117
124729
304455
413414
213897
098808
495665
371960
215558
077417
240217
518555
145499
463865
404626
172553
039750
287774
291102
142484
153589
443579
089087
203306
107331
577421
183757
119669
118563
574882
047073
326347
046345
275723
273352
320078
402082
049062
125635
083958
128311
202554
022628
111590
553232
254074
177167
513602
413616
366950
320905
554207
500130
387562
287210
178268
214478
393503
156195
545478
536496
181815
376410
114239
122947
538530
220118
042057
564273
479550
524131
046543
480687
427438
044432
194411
574074
221212
217978
085285
216455
573928
358048
185291
075162
067572
249623
295748
017095
517510
430805
510519
381729
471871
300579
301667
439809
026506
241531
152293
214518
504550
300784
427612
218875
463044
282793
473531
073936
003209
549685
560217
060792
332078
255791
330109
239139
373024
102842
547131
417074
193829
003590
449108
471497
512118
354316
290432
161473
077563
174718
035778
554617
056585
425944
509504
191964
554171
438915
444404
569582
397375
029345
425788
440663
139625
519716
367087
371183
172426
167765
557451
473295
570788
189864
197482
390341
555520
288268
472821
017282
085086
224182
105679
343680
316871
421538
436044
483199
221763
164287
176683
429602
364203
428534
394682
024847
364571
462429
180129
202186
379520
169947
357805
098772
369733
510915
010248
069562
134103
516633
580651
355223
454414
384678
160220
109296
261186
004956
284644
211449
540449
312154
075611
149842
075605
310757
226597
474934
250367
216332
078447
327845
436252
127802
191568
432752
476104
094376
550699
296283
087444
573726
310780
565144
007522
259394
538243
236747
214280
263008
099108
088005
306848
279871
303111
153946
024264
383705
274399
502726
362289
172036
387563
037230
312020
308078
409897
439940
498156
107495
233005
420544
345839
358868
310804
421128
040735
001999
233039
451381
202582
006748
058146
416960
580916
137595
041826
026665
416237
165984
057936
442672
387761
255155
224974
087901
393072
194969
433935
387007
033532
447044
007697
504169
191193
556149
498354
210353
065953
429762
454979
323000
158378
159072
019324
516592
154556
570171
202970
100661
525616
045467
498383
398866
082138
243910
427767
391842
143769
109106
524263
534070
113638
067807
362079
146163
015249
465559
406954
067191
344096
485485
244082
336414
108556
103403
519874
269662
463114
047255
322307
354291
533051
336372
097504
233578
564109
492853
237093
276971
315226
034522
450247
397543
559277
247206
307150
205035
515727
127204
319346
497042
138456
127576
382172
018792
215795
192642
125836
304854
042675
579366
141426
154995
260336
374431
571074
039589
356690
326377
095111
153036
446633
402071
388113
126324
291330
504400
264805
345161
268781
199918
565954
330298
170638
147094
264193
338834
437790
300415
317169
261955
425380
040923
061735
468280
020769
292177
278431
109516
574722
572353
333140
268150
319965
528713
083613
070943
181776
014209
166853
461475
270045
055241
234834
110084
337497
278394
557886
033649
512316
134640
305431
552054
084801
300207
558551
309237
212603
478859
137413
436288
517534
520617
000042
015329
338203
466656
381282
153368
056562
474246
462424
130181
359825
084356
071687
535226
105660
013943
007936
315352
456756
134324
490117
549886
397379
412896
178674
247428
359164
252025
437395
505333
261388
364582
244646
557461
483142
241064
134325
030631
409247
194193
252018
215353
335929
540135
303257
384338
189868
057866
124122
353306
415849
191014
008351
461110
330676
230104
563061
115328
123842
053369
542939
237643
383494
551206
445267
467978
353138
020608
088784
063043
439186
255213
129610
176314
284884
277918
029176
287427
372874
270722
181763
238982
581594
128297
432038
115102
109265
104999
009517
445298
010720
265313
338766
548964
171255
581423
282365
250223
467818
037566
546632
236824
402702
524909
110683
131895
446626
287221
199919
237284
069426
477389
510460
021338
407685
330500
272727
008027
047724
112719
437034
360323
022816
288847
195886
271574
142660
278550
095892
117891
446829
080535
219810
295194
292823
511965
090040
253528
403144
025374
371789
291669
010495
094795
438688
022427
490062
066271
500471
429949
378791
296884
204458
425815
355603
342394
575005
146638
017463
018750
221169
232673
176089
224777
478521
230702
270326
107880
126696
140513
361217
456192
564120
010324
473448
528458
152103
325327
194030
296851
024097
104435
325331
440094
522611
169197
430567
156367
316089
233553
309181
272241
473462
558181
468730
107672
023908
092480
164302
427972
376972
504167
461099
440057
237090
234599
111789
292410
498400
354537
579198
555472
296110
410648
144944
165034
175227
346641
366591
044950
100337
140713
008019
265503
055478
420210
432172
235446
263600
431335
483587
097705
537022
381875
365259
330516
090718
226360
517494
046438
236198
383737
233786
281134
444755
164114
251671
551358
334957
482672
035429
307423
010681
478090
449259
445305
354721
548153
292160
495454
292799
267260
301697
146570
361177
237443
038904
560754
284851
393487
479577
229133
573066
535033
047134
536248
474709
279076
163928
566319
269503
284886
449463
555738
012690
207557
455738
136040
502112
341502
006197
218305
027159
394303
532947
518604
510258
505655
065430
283119
048993
490869
273771
393685
044165
196989
197329
564056
045535
575615
137809
028097
240393
045247
456972
005105
437426
014008
102118
404007
020420
548219
497109
282039
395551
484175
518348
457305
275499
201318
216664
175421
299357
523484
394115
142299
429803
067742
404748
553162
022578
314714
436936
138246
533682
259614
404984
490897
233383
207026
486005
208473
126050
504774
486777
260917
353311
212359
034454
223184
479990
041020
093600
528275
465407
348902
581795
189880
097314
536711
461885
238573
556783
546584
078689
157497
386712
366802
245771
158798
334822
442523
580104
168129
067568
503219
459117
264998
195073
573067
362331
011401
058001
376422
546792
030381
328210
100530
532775
336990
081748
532007
524665
238822
172993
402729
297019
160429
389541
147082
209433
301735
496606
149087
395140
176263
502715
164667
001941
068049
455881
074460
440532
085472
383905
431452
170835
071281
516947
558396
369476
101772
467172
347953
573885
099701
096354
063875
144560
104150
569177
084744
233022
434270
038332
147294
447711
165035
411225
448436
242426
286302
543239
289019
030752
499051
281323
428498
110482
476282
380983
237085
159069
531136
403190
318099
183201
520749
229522
293914
497097
558194
060818
315581
010327
173864
028874
019471
397582
372250
163497
197270
236406
523250
222467
430238
535432
556817
059079
191173
257946
268546
294925
329268
026685
056362
090245
126685
140500
010445
248682
227245
037011
055694
497736
425184
335866
247228
237917
131460
306506
025401
448426
109869
212229
096185
502513
064313
502275
382148
330922
446345
346678
288465
201241
395346
308098
257588
096378
467604
470378
230507
381870
049068
252382
381858
376208
268988
509693
235443
327735
395187
138134
168703
407899
149915
356641
291478
167356
454219
068717
259572
342146
167342
161733
449274
317147
037549
559073
358136
406211
074316
287232
258888
572584
024247
401218
136131
429594
088754
315803
007267
043425
330315
428067
041226
328228
509095
283849
149646
032586
337446
034691
354863
572355
543836
219963
094355
133115
485044
329687
306664
135202
413026
403221
051948
405136
446033
323396
179034
421902
103940
464286
188973
325095
292993
344319
310748
492510
461498
119529
515682
225268
061492
047333
536729
318857
315383
579016
160968
469577
438738
092526
566644
577749
013986
014757
049444
490893
557314
386500
488004
371836
518365
344127
458027
052925
562393
046978
085933
026732
278184
135982
359638
002684
303250
172404
395555
544341
451758
348046
484617
440133
085926
079545
440899
093836
148968
201308
443360
073726
206473
145280
501635
032949
429620
481974
533678
434665
363214
470999
019528
051550
579759
234370
534881
561670
028093
527625
435553
468132
184190
482064
311331
409731
036736
251701
521917
030353
291257
151975
076460
541991
570594
581223
132578
254645
033672
214261
307209
545275
173530
038055
018385
267516
320649
032587
275660
042060
092731
180447
057445
354692
533452
461300
580698
347836
168879
177959
517282
256091
432994
530629
051746
533446
253843
084609
031893
393534
318507
416765
334953
397034
570392
164104
310629
385342
104800
530952
280206
347995
156834
404349
250543
413635
455660
559728
386111
498160
199923
508567
518774
264180
441173
311286
367310
122838
142672
384935
317191
337255
520572
114420
452696
570423
117897
209387
577364
003160
081611
421136
439779
077193
015070
113415
011570
335697
404163
411208
396896
278797
034525
055681
354241
546378
405527
356330
447714
009698
023703
074883
311709
055695
457275
483742
158428
079394
082898
554783
149257
447927
250966
184557
090278
108223
121869
011766
365739
567375
549088
279476
525152
176925
423537
403197
442875
054204
539551
019304
216925
059046
167802
358492
532376
092445
123932
150704
476520
370493
550518
507440
354525
364380
450518
468087
038447
244050
458622
332844
287033
459514
231381
026645
400313
522818
465776
423723
487095
219196
569158
254082
493792
419497
258690
392827
290942
518951
293293
279892
186626
390956
505733
067355
507642
229096
228388
163127
400887
574874
441165
554568
501227
548141
153966
546622
456343
553549
126447
103837
137238
139215
216528
162577
537150
304919
081001
537636
516834
345951
088757
334616
432000
284843
479203
022796
413757
405135
349164
242757
476871
153184
445263
354121
488563
349616
217756
021248
300558
573935
506414
452737
174507
284658
081954
222921
539196
084192
521256
067786
428266
572168
012319
478337
521530
218854
228029
283484
134490
250804
371174
126080
555299
231222
566135
408607
490890
139639
328940
164502
502470
542054
217554
303253
289618
160016
552253
444343
498228
036523
176113
419051
202158
393641
395230
397427
284329
343676
070562
285037
302164
356535
508612
133467
326978
023660
443363
555298
168488
121088
335045
228000
159127
330883
542928
151235
004208
426538
256284
175383
041754
373038
519910
531044
256290
220306
185716
221597
122998
506401
314538
578875
492506
160201
084187
381721
077769
218302
435785
065345
457100
453366
077027
445276
196540
446794
015885
348290
358083
052516
168852
059325
221232
154173
529347
498942
529353
524677
466450
306855
365470
560753
078499
550690
289382
356092
308688
326207
528071
208850
264020
193410
514171
571925
305227
153973
129007
476086
409646
281127
202548
172017
386884
446637
216273
098394
481354
496628
403425
421848
382406
004624
363607
393292
358685
215949
063873
134081
077806
376236
051631
461505
158601
194579
074499
083005
119891
533525
102080
519657
479809
357005
347202
001589
130998
133261
244737
359772
415723
453762
578295
431681
395378
052853
119488
446409
212203
569415
001238
346875
263377
321150
562232
534074
275501
470622
032816
092478
220266
575772
532439
097272
399581
083561
371029
471500
019404
010346
377417
524572
130096
288399
058464
142428
428412
533026
003474
148677
436638
579885
060689
064389
126810
452341
454730
448319
129262
134555
560495
431816
503668
091857
472913
151497
553077
449985
543264
296602
470862
520933
419618
472250
365205
451489
019160
466557
460126
478769
564432
184731
181649
046316
515585
151130
013471
138186
281815
467675
400836
018530
063182
371258
118242
147975
510402
542350
442422
499226
051871
026421
549563
414102
574184
200304
136168
202275
452619
067455
152388
539906
333916
142825
246345
239591
237423
240873
562645
409796
291582
149151
546095
155578
248591
146276
560046
007558
099628
444872
459823
565664
105367
537122
264735
203976
288776
181932
404517
301146
032252
322953
334857
459176
037470
413731
143483
299647
468383
289332
312660
241238
259477
038031
581253
075131
136008
086907
147829
449359
021206
057390
067904
377211
466635
191738
285093
520660
239618
142574
474543
422063
373063
107766
427133
088241
527899
342296
016119
344181
473204
539319
478351
082778
113707
254392
187199
218601
079247
552553
388212
510006
133428
351567
326937
022257
265198
451066
121762
270581
549629
206417
075455
306365
272396
281578
321903
408660
246032
259112
413240
433190
346026
365833
294160
209731
284373
105825
357117
341775
155974
164565
036237
202880
416476
343823
082779
407590
242297
234467
224674
047425
569249
387875
063587
100008
454862
538006
017560
225230
184446
155009
221730
529645
327433
090433
401877
373076
377576
233446
307091
382500
458533
360585
108681
258768
001869
426947
006874
292075
400994
404502
204759
383622
074574
412406
248221
511669
211340
203022
272803
350485
367229
366651
377984
198251
561371
423630
066825
153134
077928
439126
491914
295097
168834
034193
264708
524611
038965
509783
102421
106900
581326
408502
302260
508516
364683
061025
179118
513888
541880
196491
459765
243214
492366
208003
211552
423036
567106
272022
342693
143521
229740
580951
034971
319683
225608
348382
305282
550796
387295
030281
574152
489785
530076
204375
016905
495637
027272
529902
363488
518249
554731
466797
380049
197599
208201
376907
039716
546447
076001
039925
063381
074825
360630
522880
239037
113672
013882
044702
106243
314833
189770
476553
009170
387083
517805
331455
359925
023957
445825
113880
098131
052638
195401
556865
279377
051443
107177
406934
553909
202909
504851
106269
500389
067697
210458
326698
074166
542637
529096
206548
098864
254568
411509
161543
121601
359716
121615
359702
037705
405226
501054
491453
503643
228460
233040
420515
026393
123599
256800
104898
050563
012750
436411
552829
352482
331119
568237
407196
420529
467662
538372
188120
315905
331680
033991
437900
160463
499225
281625
451449
471799
484260
218574
402987
452168
374486
476960
503441
345897
163142
031176
311578
042007
363071
181058
328500
439124
381786
238713
186045
426776
473011
057350
141240
066827
269206
520449
092795
036745
494675
158088
388761
220821
443887
212893
033629
100591
092781
286770
309257
027674
403535
364939
088097
197809
061635
029895
548722
266479
207093
473549
030693
082021
305690
289866
096726
278135
028976
237622
539326
035927
136584
544483
109774
548291
108442
118889
513295
220376
425041
289696
004278
161386
097362
517959
259879
276871
139660
343606
345263
566839
412612
454647
305647
247306
492774
350108
410005
224845
301347
477920
381221
421596
431785
302666
216161
380117
561818
163220
000977
217519
507237
445010
490639
382714
340441
504058
027463
312306
436941
503050
023163
535284
053484
401653
443460
384416
318171
369788
406666
004286
122255
391033
291755
074013
172310
036546
520879
385734
577712
113077
175494
285913
069917
327418
330164
554875
271138
083464
475663
213795
553698
379558
099372
067906
303592
344801
489382
273075
209256
081918
439870
153692
142953
259475
539858
322945
404273
196294
062301
495218
357470
317054
345074
092794
201622
412363
117946
555982
471175
253831
001103
369575
264723
183114
573762
482957
356949
091262
048271
111338
223454
424160
363702
569706
377005
096257
306824
409179
308028
370193
067331
070659
327961
204612
164638
067443
279809
480991
053916
308772
500175
071209
092192
343571
201756
015957
458478
334074
047022
070856
416924
436438
015016
155340
149027
433568
429242
150562
026386
230548
386361
558646
518262
449039
504893
366295
350727
123765
561979
381368
489209
064348
159963
442178
301554
029506
325384
015599
129512
485369
098871
574384
044729
209685
189983
367148
065095
183504
480588
363474
498489
474347
104325
092353
522667
000143
093707
197213
260145
015576
052629
561766
529050
002988
114126
279428
472732
305093
180021
200699
040211
545834
090540
244965
189005
362785
418500
570870
224908
551100
009836
403652
257058
089978
347511
192394
546454
333290
516263
113852
295443
378087
315243
186493
397254
191689
446332
358425
077697
530059
179876
534559
143532
148301
462737
337551
032491
207486
009413
493902
032308
492349
382315
135467
409155
281634
318571
279831
377808
384994
323295
122899
124230
533424
221509
092009
163782
578627
237419
113271
036973
397863
142016
567049
133837
470521
061803
237425
327144
319914
033189
198518
084643
306161
270785
302313
152588
569931
319055
214565
388980
127659
287331
205440
516673
322955
268848
388770
343401
573941
428945
347673
216428
325790
174573
069536
189159
097373
097367
085005
553878
471415
569500
474545
078188
553850
432276
526565
375400
238272
475129
540838
189617
355908
189171
093883
229419
515622
273930
118697
433197
246753
568187
387669
487340
118683
309044
319257
307069
521593
270593
461835
283355
484661
231295
496517
391989
176600
089818
055973
390328
201431
179532
196093
380885
218606
325587
444444
217521
244179
000797
118682
516458
312465
508100
176629
021003
342520
541514
354424
418313
543303
575882
267777
095559
226059
248958
008320
229342
503928
542974
421223
563762
323109
520883
354381
171185
080168
111117
442223
233859
308603
440352
393423
183844
353175
217045
310058
253607
348555
359458
015198
065457
262394
328289
174228
521948
033177
574961
090804
353149
067532
303018
175122
299654
182227
297692
268646
092020
437119
110023
052562
327623
063973
569703
110989
384836
503294
350497
256794
112608
188722
521021
573001
044328
262425
232574
381972
206809
180418
509154
331690
147972
243574
217131
208011
424978
302528
253773
450747
033765
501534
067334
338850
290704
231874
314376
543713
081128
012754
557955
443934
069480
116526
448861
108718
154701
187559
323243
387293
163813
423742
242695
326475
185366
147027
580943
569893
036345
406071
429092
091844
305723
552420
554737
312539
251366
075254
490991
067888
507421
490749
000813
125311
076985
298628
290260
343992
206202
351428
052827
042407
149220
432317
278045
209864
216944
450592
466020
265766
105994
037932
458864
572055
145426
407390
477111
007601
507384
256384
060856
504699
359909
318955
572069
464179
188454
465267
454912
185166
042439
163385
475076
140548
087017
264320
407386
095375
311783
173814
132690
091885
368240
109612
522660
202099
078941
395497
522106
121613
525682
344033
511527
021161
373847
443513
558127
027276
551665
417142
564812
497030
078000
100811
118086
321683
085827
022326
575923
027538
510611
190580
047743
399939
116518
401287
080208
535650
485187
489971
521631
524991
168978
245852
274331
089238
034961
457943
199017
058139
080234
097748
126381
054717
136186
199003
092624
455198
015978
260393
047780
205279
299722
168763
144289
205523
476796
149785
285323
259248
310890
096481
269566
168818
481281
038791
289486
468351
491904
393384
470536
297684
319903
049801
540378
147838
012805
203768
543665
010948
478817
253177
293435
397121
325793
036757
133149
450631
410573
412364
402177
324670
194679
264526
177284
369016
145544
495790
005612
574208
581929
187177
433619
264268
032082
464033
189600
403916
099407
025273
541264
309721
286212
052951
145587
068401
530489
551063
398010
195598
393145
542751
285733
538957
200739
341017
452224
500576
533803
303543
057814
175479
251577
337180
222599
410016
580405
525913
247301
549605
210259
137886
256230
411446
040398
442793
223888
090350
395290
538759
548296
257847
101461
320403
141051
422729
426229
326700
461162
146058
383141
368686
232588
017954
312894
001688
160510
576191
174217
153870
003935
061626
384612
042799
354631
557163
501325
381018
548725
142941
536204
017997
002342
565884
049633
133821
270744
057357
497384
198532
514099
290868
437126
358976
524628
293554
060316
308760
478962
166001
196480
559760
077118
480001
025138
067445
199943
069468
418099
144505
182436
100347
033799
254976
109363
324275
468542
483285
338884
242696
038828
232417
301977
494504
079445
135129
177468
207889
076762
283237
308576
118911
297242
110395
363499
249264
143929
449981
458654
487236
221899
569310
395496
167874
283586
333245
539255
422661
385849
266536
018736
241837
477106
485390
366536
517194
